0.000000000000000000e+00 0.000000000000000000e+00 0.000000000000000000e+00
7.110234817725952228e-02 7.330567465062073906e-02 4.417702206332248136e-13
2.162495160157623941e-01 2.229476434649703687e-01 3.782689929506651096e-11
4.383836808803686091e-01 4.519524762396915918e-01 6.400895915355107182e-10
7.404467143296605824e-01 7.633392209945605300e-01 5.226999696569142006e-09
1.125380170432819238e+00 1.160101941081010946e+00 2.801250164344588560e-08
1.596125274081319434e+00 1.645142391939830029e+00 1.138490036037628748e-07
2.155622909309260482e+00 2.221062798561139751e+00 3.800096567097194789e-07
2.735711259432406006e+00 2.816776561507930765e+00 9.868533068927490632e-07
3.336388020239628549e+00 3.430726755895708635e+00 2.180050083791220226e-06
3.957650805739661770e+00 4.060315525868861464e+00 4.298651280886677801e-06
4.599497148169739091e+00 4.701578553459137666e+00 7.787204238595789505e-06
5.261924498004804107e+00 5.348938334921797377e+00 1.320353198474613678e-05
5.944930223969597805e+00 5.995158552115964490e+00 2.121915287738084392e-05
6.648511613047880964e+00 6.631628472266318575e+00 3.260844013161960311e-05
7.372665870492215667e+00 7.249045787437804478e+00 4.822245257784851585e-05
8.117390119837198270e+00 7.838427304950375429e+00 6.894516601905092176e-05
8.882681402909836876e+00 8.392210480169429943e+00 9.563434502197371847e-05
9.668536679841071901e+00 8.905121830017952433e+00 1.290551696333359054e-04
1.047495282907840952e+01 9.374561978648321414e+00 1.698185124398945739e-04
1.130192664739747777e+01 9.800457996484198020e+00 2.183346619976995649e-04
1.214945484991581814e+01 1.018473123038440598e+01 2.747882124197823244e-04
1.301753407010499508e+01 1.053061303699976570e+01 3.391344650730347124e-04
1.390616085980495420e+01 1.084200412874971775e+01 4.111145445445029897e-04
1.481533168923674282e+01 1.112298133269660028e+01 4.902852632550517903e-04
1.574504294701685581e+01 1.137747305870657932e+01 5.760593020415890816e-04
1.669529094017164894e+01 1.160907799311167210e+01 6.677509325542218275e-04
1.766607189415289270e+01 1.182098646874109704e+01 7.646224589791625770e-04
1.865738195285042167e+01 1.201596676452751211e+01 8.659270684382228134e-04
1.966921717860941499e+01 1.219638782811411204e+01 9.709448540823318284e-04
2.070157355224709050e+01 1.236425941072779722e+01 1.079010167121765684e-03
2.175444697306480890e+01 1.252127806524962139e+01 1.189529838545347242e-03
2.282783325886819981e+01 1.266887258852787390e+01 1.301992929027887902e-03
2.392172814598157871e+01 1.280824572526353045e+01 1.415973388847533440e-03
2.503612728926578157e+01 1.294041085861772977e+01 1.531127335922801477e-03
2.617102626213544170e+01 1.306622346447274730e+01 1.647186667967173029e-03
2.732642055657568747e+01 1.318640763816227945e+01 1.763950524620384050e-03
2.850230558316114582e+01 1.330157823390579352e+01 1.881275812325528419e-03
2.969867667107435238e+01 1.341225922369027934e+01 1.999067679052880537e-03
3.091552906812188439e+01 1.351889886427813181e+01 2.117270528539870380e-03
3.215285794075682446e+01 1.362188220425870711e+01 2.235859919634547530e-03
3.341065837409542638e+01 1.372154139274683082e+01 2.354835512320060508e-03
3.468892537193730163e+01 1.381816418052184936e+01 2.474215093759150278e-03
3.598765385678495932e+01 1.391200093927459491e+01 2.594029635669705975e-03
3.730683866986571928e+01 1.400327046760998861e+01 2.714319287579979988e-03
3.864647457114954676e+01 1.409216480398082005e+01 2.835130188839989161e-03
4.000655623937148420e+01 1.417885322628717049e+01 2.956511977267196195e-03
4.138707827205301015e+01 1.426348558453823578e+01 3.078515877537529605e-03
4.278803518552153662e+01 1.434619508571034885e+01 3.201193263282780307e-03
4.420942141493524957e+01 1.442710062775055846e+01 3.324594600196066185e-03
4.565123131430318182e+01 1.450630876167636885e+01 3.448768691286276545e-03
4.711345915650715455e+01 1.458391534614519358e+01 3.573762158593580401e-03
4.859609913332535314e+01 1.466000694706573348e+01 3.699619107561638760e-03
5.009914535545766512e+01 1.473466202526744517e+01 3.826380930605892145e-03
5.162259185254409033e+01 1.480795194750009358e+01 3.954086215190058366e-03
5.316643257319240234e+01 1.487994184975320167e+01 4.082770729020347017e-03
5.473066138500173139e+01 1.495069137677701399e+01 4.212467460937916429e-03
5.631527207458391615e+01 1.502025531752979326e+01 4.343206700920805401e-03
5.792025834759397185e+01 1.508868415288436537e+01 4.475016146473539090e-03
5.954561382874786801e+01 1.515602452915194931e+01 4.607921025743464717e-03
6.119133206185430396e+01 1.522231966871036235e+01 4.741944230119512528e-03
6.285740650983554190e+01 1.528760972715442890e+01 4.877106450946771220e-03
6.454383055475760500e+01 1.535193210485092585e+01 5.013426316454962575e-03
6.625059749785299346e+01 1.541532171950965413e+01 5.150920526119790767e-03
6.797770055954879354e+01 1.547781124533341490e+01 5.289603980536995709e-03
6.972513287949385585e+01 1.553943132343754918e+01 5.429489905539784667e-03
7.149288751658555441e+01 1.560021074750556025e+01 5.570589969778875182e-03
7.328095744899721353e+01 1.566017662804337895e+01 5.712914395347403612e-03
7.508933557420733962e+01 1.571935453808986161e+01 5.856472061299870281e-03
7.691801470902593962e+01 1.577776864281812230e+01 6.001270600104515948e-03
7.876698758962348279e+01 1.583544181510747961e+01 6.147316487203172662e-03
8.063624687156084292e+01 1.589239573886627710e+01 6.294615123945704327e-03
8.252578512981864378e+01 1.594865100163383254e+01 6.443170914222470964e-03
8.443559485882364868e+01 1.600422717777600568e+01 6.592987335155138691e-03
8.636566847248336387e+01 1.605914290340847828e+01 6.744067002222434333e-03
8.831599830421150443e+01 1.611341594402713895e+01 6.896411729200840196e-03
9.028657660696288190e+01 1.616706325569497693e+01 7.050022583296867811e-03
9.227739555325942433e+01 1.622010104052210622e+01 7.204899935833491281e-03
9.428844723522476556e+01 1.627254479708081547e+01 7.361043508840858611e-03
9.631972366461529589e+01 1.632440936631464723e+01 7.518452417879410883e-03
9.837121677285129806e+01 1.637570897343073995e+01 7.677125211406400987e-03
1.004429184110466764e+02 1.642645726620325064e+01 7.837059906974820286e-03
1.025348203500467008e+02 1.647666735006428596e+01 7.998254024533501746e-03
1.046469142804548227e+02 1.652635182031243488e+01 8.160704617078361894e-03
1.067791918126702484e+02 1.657552279173047438e+01 8.324408298882890814e-03
1.089316444769188621e+02 1.662419192586952832e+01 8.489361271519984403e-03
1.111042637232874313e+02 1.667237045622727720e+01 8.655559347868012343e-03
1.132970409217573433e+02 1.672006921152208392e+01 8.822997974279381955e-03
1.155099673622393084e+02 1.676729863724248304e+01 8.991672251073950725e-03
1.177430342546078208e+02 1.681406881563121303e+01 9.161576951504676533e-03
1.199962327287362314e+02 1.686038948424648609e+01 9.332706539331984963e-03
1.222695538345315072e+02 1.690627005322728138e+01 9.505055185128955669e-03
1.245629885419697587e+02 1.695171962137650468e+01 9.678616781432303542e-03
1.268765277411329890e+02 1.699674699116385312e+01 9.853384956837801453e-03
1.292101622422444507e+02 1.704136068274017646e+01 1.002935308913667674e-02
1.315638827757054230e+02 1.708556894704531359e+01 1.020651431757658816e-02
1.339376799921318764e+02 1.712937977808380552e+01 1.038486155432359094e-02
1.363315444623916619e+02 1.717280092443559525e+01 1.056438749519733426e-02
1.387454666776421561e+02 1.721583990006191556e+01 1.074508462974101478e-02
1.411794370493678628e+02 1.725850399446142092e+01 1.092694525068661424e-02
1.436334459094196063e+02 1.730080028222632649e+01 1.110996146286525980e-02
1.461074835100495193e+02 1.734273563204334323e+01 1.129412519161409126e-02
1.486015400239544419e+02 1.738431671518110377e+01 1.147942819072018776e-02
1.511156055443112507e+02 1.742555001350066135e+01 1.166586204994310601e-02
1.536496700848182115e+02 1.746644182702419101e+01 1.185341820215058024e-02
1.562037235797341168e+02 1.750699828109204148e+01 1.204208793010386365e-02
1.587777558839176208e+02 1.754722533313762156e+01 1.223186237291686018e-02
1.613717567728678830e+02 1.758712877910554084e+01 1.242273253221911830e-02
1.639857159427671434e+02 1.762671425953736914e+01 1.261468927804792854e-02
1.666196230105176141e+02 1.766598726534691721e+01 1.280772335448923487e-02
1.692734675137868692e+02 1.770495314330548453e+01 1.300182538509109947e-02
1.719472389110461847e+02 1.774361710125522151e+01 1.319698587806481839e-02
1.746409265816147922e+02 1.778198421306858634e+01 1.339319523129065513e-02
1.773545198257008622e+02 1.782005942336896709e+01 1.359044373714658228e-02
1.800880078644433979e+02 1.785784755202780971e+01 1.378872158716793264e-02
1.828413798399564598e+02 1.789535329845135792e+01 1.398801887655736105e-02
1.856146248153716556e+02 1.793258124566990119e+01 1.418832560854796712e-02
1.884077317748813414e+02 1.796953586424093885e+01 1.438963169863866076e-02
1.912206896237838123e+02 1.800622151597742260e+01 1.459192697870229614e-02
1.940534871885243149e+02 1.804264245751067008e+01 1.479520120098186571e-02
1.969061132167430515e+02 1.807880284369772994e+01 1.499944404197751588e-02
1.997785563773167326e+02 1.811470673088175687e+01 1.520464510623399830e-02
2.026708052604063823e+02 1.815035808001340456e+01 1.541079393003104078e-02
2.055828483775000564e+02 1.818576075964101335e+01 1.561787998498449792e-02
2.085146741614600501e+02 1.822091854877648132e+01 1.582589268156626289e-02
2.114662709665689420e+02 1.825583513964367199e+01 1.603482137253868858e-02
2.144376270685748977e+02 1.829051414031515677e+01 1.624465535631462385e-02
2.174287306647388505e+02 1.832495907724344519e+01 1.645538388024541873e-02
2.204395698738818794e+02 1.835917339769203238e+01 1.666699614383758410e-02
2.234701327364306565e+02 1.839316047207118032e+01 1.687948130190027388e-02
2.265204072144675251e+02 1.842692359618337505e+01 1.709282846763018199e-02
2.295903811917751796e+02 1.846046599338289695e+01 1.730702671563225450e-02
2.326800424738885340e+02 1.849379081665372837e+01 1.752206508487799339e-02
2.357893787881394019e+02 1.852690115060971010e+01 1.773793258160704517e-02
2.389183777837070579e+02 1.855980001342063446e+01 1.795461818216974662e-02
2.420670270316689425e+02 1.859249035866803723e+01 1.817211083580985709e-02
2.452353140250465060e+02 1.862497507713360889e+01 1.839039946739533249e-02
2.484232261788571066e+02 1.865725699852364627e+01 1.860947298009036840e-02
2.516307508301642883e+02 1.868933889313246510e+01 1.882932025797762199e-02
2.548578752381267520e+02 1.872122347344726023e+01 1.904993016862275776e-02
2.581045865840491729e+02 1.875291339569753646e+01 1.927129156558891193e-02
2.613708719714352355e+02 1.878441126135110295e+01 1.949339329089575662e-02
2.646567184260344447e+02 1.881571961855928876e+01 1.971622417743032832e-02
2.679621128958990539e+02 1.884684096355352878e+01 1.993977305130265401e-02
2.712870422514313873e+02 1.887777774199536651e+01 2.016402873415240257e-02
2.746314932854389781e+02 1.890853235028191293e+01 2.038898004540212056e-02
2.779954527131854434e+02 1.893910713680870472e+01 2.061461580446047673e-02
2.813789071724436894e+02 1.896950440319163889e+01 2.084092483287655617e-02
2.847818432235481509e+02 1.899972640544982383e+01 2.106789595643957305e-02
2.882042473494512365e+02 1.902977535515087126e+01 2.129551800723237381e-02
2.916461059557724411e+02 1.905965342052009959e+01 2.152377982562946046e-02
2.951074053708558154e+02 1.908936272751540741e+01 2.175267026224820752e-02
2.985881318458232840e+02 1.911890536086877290e+01 2.198217817984994896e-02
3.020882715546291593e+02 1.914828336509609485e+01 2.221229245518819423e-02
3.056078105941139711e+02 1.917749874547630640e+01 2.244300198080909775e-02
3.091467349840621068e+02 1.920655346900131022e+01 2.267429566680125019e-02
3.127050306672555280e+02 1.923544946529746369e+01 2.290616244249539177e-02
3.162826835095299884e+02 1.926418862752007755e+01 2.313859125811416548e-02
3.198796792998309684e+02 1.929277281322165649e+01 2.337157108637280892e-02
3.234960037502711998e+02 1.932120384519517486e+01 2.360509092402984788e-02
3.271316424961859752e+02 1.934948351229297359e+01 2.383913979338973463e-02
3.307865810961906732e+02 1.937761357022244368e+01 2.407370674375495373e-02
3.344608050322395911e+02 1.940559574231934903e+01 2.430878085283069701e-02
3.381542997096806289e+02 1.943343172029936383e+01 2.454435122807982830e-02
3.418670504573162248e+02 1.946112316498888717e+01 2.478040700802993518e-02
3.455990425274597442e+02 1.948867170703560703e+01 2.501693736353353958e-02
3.493502610959955632e+02 1.951607894759991879e+01 2.525393149897926098e-02
3.531206912624357983e+02 1.954334645902736511e+01 2.549137865345646459e-02
3.569103180499822088e+02 1.957047578550318434e+01 2.572926810187322819e-02
3.607191264055824149e+02 1.959746844368928720e+01 2.596758915602689552e-02
3.645471011999937900e+02 1.962432592334459613e+01 2.620633116562941581e-02
3.683942272278394512e+02 1.965104968792879703e+01 2.644548351928753538e-02
3.722604892076714691e+02 1.967764117519064371e+01 2.668503564543768525e-02
3.761458717820308379e+02 1.970410179774089343e+01 2.692497701323517956e-02
3.800503595175067630e+02 1.973043294361052702e+01 2.716529713340135044e-02
3.839739369048009507e+02 1.975663597679478656e+01 2.740598555902549679e-02
3.879165883587873509e+02 1.978271223778344634e+01 2.764703188632576872e-02
3.918782982185742867e+02 1.980866304407761902e+01 2.788842575536647564e-02
3.958590507475667550e+02 1.983448969069379686e+01 2.813015685073458685e-02
3.998588301335292385e+02 1.986019345065527020e+01 2.837221490217516073e-02
4.038776204886480059e+02 1.988577557547147023e+01 2.861458968518595242e-02
4.079154058495946629e+02 1.991123729560548838e+01 2.885727102157356616e-02
4.119721701775886800e+02 1.993657982093031578e+01 2.910024877996977843e-02
4.160478973584636151e+02 1.996180434117387392e+01 2.934351287631092875e-02
4.201425712027265149e+02 1.998691202635344055e+01 2.958705327427823412e-02
4.242561754456275480e+02 2.001190402719957717e+01 2.983085998570321126e-02
4.283886937472216800e+02 2.003678147557003086e+01 3.007492307093572598e-02
4.325401096924317130e+02 2.006154548485375244e+01 3.031923263917888148e-02
4.367104067911189418e+02 2.008619715036538267e+01 3.056377884878740472e-02
4.408995684781433511e+02 2.011073754973055827e+01 3.080855190753387790e-02
4.451075781134321119e+02 2.013516774326209458e+01 3.105354207284262424e-02
4.493344189820448378e+02 2.015948877432754216e+01 3.129873965198985003e-02
4.535800742942412853e+02 2.018370166970814239e+01 3.154413500227584710e-02
4.578445271855454166e+02 2.020780743994951223e+01 3.178971853116233093e-02
4.621277607168156578e+02 2.023180707970439940e+01 3.203548069638536416e-02
4.664297578743086774e+02 2.025570156806741551e+01 3.228141200603689559e-02
4.707505015697503268e+02 2.027949186890230493e+01 3.252750301861809940e-02
4.750899746404006123e+02 2.030317893116169969e+01 3.277374434306687401e-02
4.794481598491250907e+02 2.032676368919969789e+01 3.302012663875917436e-02
4.838250398844595566e+02 2.035024706307735087e+01 3.326664061548449680e-02
4.882205973606821772e+02 2.037362995886133987e+01 3.351327703339761210e-02
4.926348148178796009e+02 2.039691326891595935e+01 3.376002670294426383e-02
4.970676747220190919e+02 2.042009787218855621e+01 3.400688048476824266e-02
5.015191594650167985e+02 2.044318463448859902e+01 3.425382928959210677e-02
5.059892513648071031e+02 2.046617440876070049e+01 3.450086407807829991e-02
5.104779326654143006e+02 2.048906803535135523e+01 3.474797586067106953e-02
5.149851855370216072e+02 2.051186634227000738e+01 3.499515569741571547e-02
5.195109920760429532e+02 2.053457014544425974e+01 3.524239469776215689e-02
5.240553343051952879e+02 2.055718024896948393e+01 3.548968402034730074e-02
5.286181941735654846e+02 2.057969744535294154e+01 3.573701487276207539e-02
5.331995535566890112e+02 2.060212251575261888e+01 3.598437851130088794e-02
5.377993942566153009e+02 2.062445623021074326e+01 3.623176624069555235e-02
5.424176980019835810e+02 2.064669934788229355e+01 3.647916941383352873e-02
5.470544464480952911e+02 2.066885261725845524e+01 3.672657943146200032e-02
5.517096211769852516e+02 2.069091677638525795e+01 3.697398774187855841e-02
5.563832036974961284e+02 2.071289255307739197e+01 3.722138584060812050e-02
5.610751754453528974e+02 2.073478066512746310e+01 3.746876527006736540e-02
5.657855177832335585e+02 2.075658182051062539e+01 3.771611761921797590e-02
5.705142120008471238e+02 2.077829671758477659e+01 3.796343452320888323e-02
5.752612393150037633e+02 2.079992604528646538e+01 3.821070766300828370e-02
5.800265808696917702e+02 2.082147048332246797e+01 3.845792876502469870e-02
5.848102177361530494e+02 2.084293070235726120e+01 3.870508960072006899e-02
5.896121309129566725e+02 2.086430736419641008e+01 3.895218198621400174e-02
5.944323013260748212e+02 2.088560112196595853e+01 3.919919778188042658e-02
5.992707098289600935e+02 2.090681262028796183e+01 3.944612889193641059e-02
6.041273372026188326e+02 2.092794249545216090e+01 3.969296726402458259e-02
6.090021641556892291e+02 2.094899137558392610e+01 3.993970488878900021e-02
6.138951713245177189e+02 2.096995988080861650e+01 4.018633379944577810e-02
6.188063392732366310e+02 2.099084862341226554e+01 4.043284607134891434e-02
6.237356484938388803e+02 2.101165820799881701e+01 4.067923382155080175e-02
6.286830794062578889e+02 2.103238923164390783e+01 4.092548920835940851e-02
6.336486123584446659e+02 2.105304228404533973e+01 4.117160443089134397e-02
6.386322276264471611e+02 2.107361794767017216e+01 4.141757172862244041e-02
6.436339054144846159e+02 2.109411679789865701e+01 4.166338338093533017e-02
6.486536258550310095e+02 2.111453940316501132e+01 4.190903170666517019e-02
6.536913690088898647e+02 2.113488632509503873e+01 4.215450906364362482e-02
6.587471148652770125e+02 2.115515811864079865e+01 4.239980784824191190e-02
6.638208433418972163e+02 2.117535533221224497e+01 4.264492049491258596e-02
6.689125342850264815e+02 2.119547850780595155e+01 4.288983947573126593e-02
6.740221674695907268e+02 2.121552818113105232e+01 4.313455729993818238e-02
6.791497225992433187e+02 2.123550488173226469e+01 4.337906651348064080e-02
6.842951793064532922e+02 2.125540913311029811e+01 4.362335969855581780e-02
6.894585171525779970e+02 2.127524145283947021e+01 4.386742947315461216e-02
6.946397156279490446e+02 2.129500235268277919e+01 4.411126849060778565e-02
6.998387541519520028e+02 2.131469233870430813e+01 4.435486943913298508e-02
7.050556120731092733e+02 2.133431191137916016e+01 4.459822504138476196e-02
7.102902686691618328e+02 2.135386156570089611e+01 4.484132805400684041e-02
7.155427031471499504e+02 2.137334179128651712e+01 4.508417126718688994e-02
7.208128946434985664e+02 2.139275307247908486e+01 4.532674750421508691e-02
7.261008222240975556e+02 2.141209588844798972e+01 4.556904962104547929e-02
7.314064648843867644e+02 2.143137071328697019e+01 4.581107050586148699e-02
7.367298015494380934e+02 2.145057801610979453e+01 4.605280307864531575e-02
7.420708110740403072e+02 2.146971826114384996e+01 4.629424029075109720e-02
7.474294722427823672e+02 2.148879190782146509e+01 4.653537512448328861e-02
7.528057637701366502e+02 2.150779941086920743e+01 4.677620059267933311e-02
7.581996643005478518e+02 2.152674122039504212e+01 4.701670973829717021e-02
7.636111524085115434e+02 2.154561778197347621e+01 4.725689563400819332e-02
7.690402065986635307e+02 2.156442953672874197e+01 4.749675138179537681e-02
7.744868053058643227e+02 2.158317692141594790e+01 4.773627011255710678e-02
7.799509268952837147e+02 2.160186036850038249e+01 4.797544498571667398e-02
7.854325496624891230e+02 2.162048030623492423e+01 4.821426918883773421e-02
7.909316518335292585e+02 2.163903715873557232e+01 4.845273593724602063e-02
7.964482115650213245e+02 2.165753134605523655e+01 4.869083847365703738e-02
8.019822069442383281e+02 2.167596328425569041e+01 4.892857006781054646e-02
8.075336159891969601e+02 2.169433338547785084e+01 4.916592401611133423e-02
8.131024166487425191e+02 2.171264205801031366e+01 4.940289364127704863e-02
8.186885868026383832e+02 2.173088970635626183e+01 4.963947229199258682e-02
8.242921042616524119e+02 2.174907673129869323e+01 4.987565334257153954e-02
8.299129467676475542e+02 2.176720352996412089e+01 5.011143019262514348e-02
8.355510919936670007e+02 2.178527049588464948e+01 5.034679626673774222e-02
8.412065175440260418e+02 2.180327801905852425e+01 5.058174501415040047e-02
8.468792009543985841e+02 2.182122648600922687e+01 5.081626990845121428e-02
8.525691196919084405e+02 2.183911627984302939e+01 5.105036444727366340e-02
8.582762511552153910e+02 2.185694778030515906e+01 5.128402215200220104e-02
8.640005726746104529e+02 2.187472136383453858e+01 5.151723656748603830e-02
8.697420615121002356e+02 2.189243740361713009e+01 5.175000126176009657e-02
8.755006948615006195e+02 2.191009626963795043e+01 5.198230982577418946e-02
8.812764498485270224e+02 2.192769832873174707e+01 5.221415587313006645e-02
8.870693035308844401e+02 2.194524394463237016e+01 5.244553303982625592e-02
8.928792328983583957e+02 2.196273347802089404e+01 5.267643498401097107e-02
8.987062148729073670e+02 2.198016728657250596e+01 5.290685538574321084e-02
9.045502263087540769e+02 2.199754572500212646e+01 5.313678794676175710e-02
9.104112439924775799e+02 2.201486914510890003e+01 5.336622639026238069e-02
9.162892446431039843e+02 2.203213789581950266e+01 5.359516446068322143e-02
9.221842049122002436e+02 2.204935232323029126e+01 5.382359592349827970e-02
9.280961013839688576e+02 2.206651277064838013e+01 5.405151456501932489e-02
9.340249105753362073e+02 2.208361957863158054e+01 5.427891419220558927e-02
9.399706089360489614e+02 2.210067308502732430e+01 5.450578863248221884e-02
9.459331728487692317e+02 2.211767362501051082e+01 5.473213173356671069e-02
9.519125786291641589e+02 2.213462153112037001e+01 5.495793736330342738e-02
9.579088025260024324e+02 2.215151713329626659e+01 5.518319940950664609e-02
9.639218207212477409e+02 2.216836075891263036e+01 5.540791177981172627e-02
9.699516093301554065e+02 2.218515273281285616e+01 5.563206840153458316e-02
9.759981444013648115e+02 2.220189337734233348e+01 5.585566322153926594e-02
9.820614019169961466e+02 2.221858301238048838e+01 5.607869020611382094e-02
9.881413577927435199e+02 2.223522195537204738e+01 5.630114334085430799e-02
9.942379878779745468e+02 2.225181052135735982e+01 5.652301663055714354e-02
1.000351267955823232e+03 2.226834902300192098e+01 5.674430409911928458e-02
1.006481173743285240e+03 2.228483777062501048e+01 5.696499978944680881e-02
1.012627680891317823e+03 2.230127707222763789e+01 5.718509776337152295e-02
1.018790764984935095e+03 2.231766723351956827e+01 5.740459210157551617e-02
1.024970401543303751e+03 2.233400855794569395e+01 5.762347690352385976e-02
1.031166566019841639e+03 2.235030134671159630e+01 5.784174628740522406e-02
1.037379233802314275e+03 2.236654589880842536e+01 5.805939439008044739e-02
1.043608380212932843e+03 2.238274251103700507e+01 5.827641536703893205e-02
1.049853980508455152e+03 2.239889147803133085e+01 5.849280339236320042e-02
1.056116009880277716e+03 2.241499309228132830e+01 5.870855265870070921e-02
1.062394443454540806e+03 2.243104764415497954e+01 5.892365737724394176e-02
1.068689256292222581e+03 2.244705542191980641e+01 5.913811177771797351e-02
1.075000423389241632e+03 2.246301671176373560e+01 5.935191010837562869e-02
1.081327919676552938e+03 2.247893179781536332e+01 5.956504663600027671e-02
1.087671720020250177e+03 2.249480096216358049e+01 5.977751564591629596e-02
1.094031799221663277e+03 2.251062448487670764e+01 5.998931144200674026e-02
1.100408132017462322e+03 2.252640264402099746e+01 6.020042834673876297e-02
1.106800693079752136e+03 2.254213571567862573e+01 6.041086070119596613e-02
1.113209457016177339e+03 2.255782397396513517e+01 6.062060286511846557e-02
1.119634398370022609e+03 2.257346769104639250e+01 6.082964921694979099e-02
1.126075491620313414e+03 2.258906713715501624e+01 6.103799415389129374e-02
1.132532711181915374e+03 2.260462258060633189e+01 6.124563209196324381e-02
1.139006031405638623e+03 2.262013428781383695e+01 6.145255746607330288e-02
1.145495426578339448e+03 2.263560252330424660e+01 6.165876473009158920e-02
1.152000870923020102e+03 2.265102754973205279e+01 6.186424835693302149e-02
1.158522338598933857e+03 2.266640962789365688e+01 6.206900283864596329e-02
1.165059803701686178e+03 2.268174901674109023e+01 6.227302268650797973e-02
1.171613240263337048e+03 2.269704597339533336e+01 6.247630243112800574e-02
1.178182622252508281e+03 2.271230075315923358e+01 6.267883662255525901e-02
1.184767923574478573e+03 2.272751360953002830e+01 6.288061983039437697e-02
1.191369118071297635e+03 2.274268479421147759e+01 6.308164664392727772e-02
1.197986179521880786e+03 2.275781455712570889e+01 6.328191167224098135e-02
1.204619081642119909e+03 2.277290314642464608e+01 6.348140954436215511e-02
1.211267798084982815e+03 2.278795080850109045e+01 6.368013490939716803e-02
1.217932302440620333e+03 2.280295778799952799e+01 6.387808243667887631e-02
1.224612568236472498e+03 2.281792432782657798e+01 6.407524681591918181e-02
1.231308568937371319e+03 2.283285066916115724e+01 6.427162275736722497e-02
1.238020277945646740e+03 2.284773705146431055e+01 6.446720499197379495e-02
1.244747668601233272e+03 2.286258371248880650e+01 6.466198827156134643e-02
1.251490714181773455e+03 2.287739088828840650e+01 6.485596736899965076e-02
1.258249387902729040e+03 2.289215881322688517e+01 6.504913707838724801e-02
1.265023662917481261e+03 2.290688771998679485e+01 6.524149221523782571e-02
1.271813512317441109e+03 2.292157783957796724e+01 6.543302761667287026e-02
1.278618909132155295e+03 2.293622940134575572e+01 6.562373814161893970e-02
1.285439826329414473e+03 2.295084263297909999e+01 6.581361867101044594e-02
1.292276236815358970e+03 2.296541776051829586e+01 6.600266410799775219e-02
1.299128113434587249e+03 2.297995500836259097e+01 6.619086937815997496e-02
1.305995428970262992e+03 2.299445459927755664e+01 6.637822942972312901e-02
1.312878156144225386e+03 2.300891675440222883e+01 6.656473923378314339e-02
1.319776267617092344e+03 2.302334169325611768e+01 6.675039378453320738e-02
1.326689735988378061e+03 2.303772963374595051e+01 6.693518809949680626e-02
1.333618533796593056e+03 2.305208079217229766e+01 6.711911721976444867e-02
1.340562633519355813e+03 2.306639538323595318e+01 6.730217621023544539e-02
1.347522007573506016e+03 2.308067362004424794e+01 6.748436015986414294e-02
1.354496628315208454e+03 2.309491571411706090e+01 6.766566418191054255e-02
1.361486468040067393e+03 2.310912187539283735e+01 6.784608341419513799e-02
1.368491498983232532e+03 2.312329231223426973e+01 6.802561301935798610e-02
1.375511693319514052e+03 2.313742723143402458e+01 6.820424818512212106e-02
1.382547023163488348e+03 2.315152683822015334e+01 6.838198412456075737e-02
1.389597460569611712e+03 2.316559133626151024e+01 6.855881607636866992e-02
1.396662977532330615e+03 2.317962092767294280e+01 6.873473930513737673e-02
1.403743545986193794e+03 2.319361581302041131e+01 6.890974910163424894e-02
1.410839137805960945e+03 2.320757619132594485e+01 6.908384078308507648e-02
1.417949724806718677e+03 2.322150226007255469e+01 6.925700969346072766e-02
1.425075278743988292e+03 2.323539421520893100e+01 6.942925120376688963e-02
1.432215771313838786e+03 2.324925225115411820e+01 6.960056071233763908e-02
1.439371174153004176e+03 2.326307656080206243e+01 6.977093364513239915e-02
1.446541458838990138e+03 2.327686733552602405e+01 6.994036545603593558e-02
1.453726596890187466e+03 2.329062476518296876e+01 7.010885162716194718e-02
1.460926559765990760e+03 2.330434903811777403e+01 7.027638766915965396e-02
1.468141318866902793e+03 2.331804034116742486e+01 7.044296912152338275e-02
1.475370845534658429e+03 2.333169885966507451e+01 7.060859155290552525e-02
1.482615111052329439e+03 2.334532477744406975e+01 7.077325056143182747e-02
1.489874086644443423e+03 2.335891827684180910e+01 7.093694177502021803e-02
1.497147743477097947e+03 2.337247953870366857e+01 7.109966085170189853e-02
1.504436052658073322e+03 2.338600874238666449e+01 7.126140347994538993e-02
1.511738985236948338e+03 2.339950606576322301e+01 7.142216537898310458e-02
1.519056512205214176e+03 2.341297168522475758e+01 7.158194229914049966e-02
1.526388604496392418e+03 2.342640577568525728e+01 7.174073002216782569e-02
1.533735232986147821e+03 2.343980851058473647e+01 7.189852436157403992e-02
1.541096368492404054e+03 2.345318006189269511e+01 7.205532116296323175e-02
1.548471981775462382e+03 2.346652060011145480e+01 7.221111630437322682e-02
1.555862043538113539e+03 2.347983029427944501e+01 7.236590569661656425e-02
1.563266524425757780e+03 2.349310931197451424e+01 7.251968528362316702e-02
1.570685395026520382e+03 2.350635781931701729e+01 7.267245104278552414e-02
1.578118625871366930e+03 2.351957598097302338e+01 7.282419898530571867e-02
1.585566187434222456e+03 2.353276396015732885e+01 7.297492515654398215e-02
1.593028050132088083e+03 2.354592191863653738e+01 7.312462563636976109e-02
1.600504184325157667e+03 2.355905001673194832e+01 7.327329653951389354e-02
1.607994560316936713e+03 2.357214841332251964e+01 7.342093401592299229e-02
1.615499148354360841e+03 2.358521726584771727e+01 7.356753425111517419e-02
1.623017918627910376e+03 2.359825673031030391e+01 7.371309346653741323e-02
1.630550841271733361e+03 2.361126696127910307e+01 7.385760791992437846e-02
1.638097886363762200e+03 2.362424811189172047e+01 7.400107390565888177e-02
1.645659023925831207e+03 2.363720033385716235e+01 7.414348775513349143e-02
1.653234223923798481e+03 2.365012377745845740e+01 7.428484583711349176e-02
1.660823456267662777e+03 2.366301859155522891e+01 7.442514455810109175e-02
1.668426690811683329e+03 2.367588492358614971e+01 7.456438036270102154e-02
1.676043897354502860e+03 2.368872291957141840e+01 7.470254973398686438e-02
1.683675045639261498e+03 2.370153272411516809e+01 7.483964919386881798e-02
1.691320105353721601e+03 2.371431448040779344e+01 7.497567530346208042e-02
1.698979046130388724e+03 2.372706833022825634e+01 7.511062466345667932e-02
1.706651837546629167e+03 2.373979441394633838e+01 7.524449391448759239e-02
1.714338449124790259e+03 2.375249287052479730e+01 7.537727973750608934e-02
1.722038850332326319e+03 2.376516383752155548e+01 7.550897885415172595e-02
1.729753010581915532e+03 2.377780745109174276e+01 7.563958802712503204e-02
1.737480899231581134e+03 2.379042384598973925e+01 7.576910406056064362e-02
1.745222485584818742e+03 2.380301315557113995e+01 7.589752380040147572e-02
1.752977738890710043e+03 2.381557551179469101e+01 7.602484413477295089e-02
1.760746628344052397e+03 2.382811104522413004e+01 7.615106199435799084e-02
1.768529123085476385e+03 2.384061988502999441e+01 7.627617435277217472e-02
1.776325192201570189e+03 2.385310215899133723e+01 7.640017822693957739e-02
1.784134804725003278e+03 2.386555799349746110e+01 7.652307067746862146e-02
1.791957929634647826e+03 2.387798751354949189e+01 7.664484880902831809e-02
1.799794535855701270e+03 2.389039084276193137e+01 7.676550977072456317e-02
1.807644592259812271e+03 2.390276810336417057e+01 7.688505075647686371e-02
1.815508067665202134e+03 2.391511941620192871e+01 7.700346900539471739e-02
1.823384930836791682e+03 2.392744490073856412e+01 7.712076180215446386e-02
1.831275150486321309e+03 2.393974467505640646e+01 7.723692647737571970e-02
1.839178695272476034e+03 2.395201885585796120e+01 7.735196040799803552e-02
1.847095533801014653e+03 2.396426755846706413e+01 7.746586101765723376e-02
1.855025634624888426e+03 2.397649089682995793e+01 7.757862577706159390e-02
1.862968966244368403e+03 2.398868898351629753e+01 7.769025220436795443e-02
1.870925497107171395e+03 2.400086192972010579e+01 7.780073786555730120e-02
1.878895195608584572e+03 2.401300984526056581e+01 7.791008037481007842e-02
1.886878030091590972e+03 2.402513283858285575e+01 7.801827739488127744e-02
1.894873968846994558e+03 2.403723101675883456e+01 7.812532663747480399e-02
1.902882980113547774e+03 2.404930448548762101e+01 7.823122586361756781e-02
1.910905032078076147e+03 2.406135334909617640e+01 7.833597288403286452e-02
1.918940092875606979e+03 2.407337771053972375e+01 7.843956555951334120e-02
1.926988130589490083e+03 2.408537767140211372e+01 7.854200180129307374e-02
1.935049113251533299e+03 2.409735333189612660e+01 7.864327957141907521e-02
1.943123008842122772e+03 2.410930479086361800e+01 7.874339688312213814e-02
1.951209785290352329e+03 2.412123214577567154e+01 7.884235180118656650e-02
1.959309410474152173e+03 2.413313549273255632e+01 7.894014244231949140e-02
1.967421852220411211e+03 2.414501492646368419e+01 7.903676697551871577e-02
1.975547078305114610e+03 2.415687054032740377e+01 7.913222362244014263e-02
1.983685056453460675e+03 2.416870242631074817e+01 7.922651065776384338e-02
1.991835754339997948e+03 2.418051067502906193e+01 7.931962640955902977e-02
1.999999139588747084e+03 2.419229537572550015e+01 7.941156925964824864e-02
2.008175179773334548e+03 2.420405661627052396e+01 7.950233764396996694e-02
2.016363842417118803e+03 2.421579448316118643e+01 7.959193005294024070e-02
2.024565094993319690e+03 2.422750906152037587e+01 7.968034503181291306e-02
2.032778904925145071e+03 2.423920043509594535e+01 7.976758118103857709e-02
2.041005239585927711e+03 2.425086868625974645e+01 7.985363715662212314e-02
2.049244066299245787e+03 2.426251389600653496e+01 7.993851167047881512e-02
2.057495352339058172e+03 2.427413614395278429e+01 8.002220349078888184e-02
2.065759064929835858e+03 2.428573550833541717e+01 8.010471144235052632e-02
2.074035171246684513e+03 2.429731206601037030e+01 8.018603440693140849e-02
2.082323638415483401e+03 2.430886589245109519e+01 8.026617132361830997e-02
2.090624433513011354e+03 2.432039706174695226e+01 8.034512118916523060e-02
2.098937523567077733e+03 2.433190564660147004e+01 8.042288305833955597e-02
2.107262875556655217e+03 2.434339171833049065e+01 8.049945604426653190e-02
2.115600456412010772e+03 2.435485534686024778e+01 8.057483931877180983e-02
2.123950233014832520e+03 2.436629660072524928e+01 8.064903211272174410e-02
2.132312172198370718e+03 2.437771554706617039e+01 8.072203371636230140e-02
2.140686240747557349e+03 2.438911225162749830e+01 8.079384347965513913e-02
2.149072405399150284e+03 2.440048677875513761e+01 8.086446081261215724e-02
2.157470632841855149e+03 2.441183919139391989e+01 8.093388518562760758e-02
2.165880889716465845e+03 2.442316955108495691e+01 8.100211612980783016e-02
2.174303142615989600e+03 2.443447791796285529e+01 8.106915323729887990e-02
2.182737358085786127e+03 2.444576435075290988e+01 8.113499616161166939e-02
2.191183502623696313e+03 2.445702890676809815e+01 8.119964461794466903e-02
2.199641542680177736e+03 2.446827164190597870e+01 8.126309838350412318e-02
2.208111444658435630e+03 2.447949261064550086e+01 8.132535729782160161e-02
2.216593174914558404e+03 2.449069186604368653e+01 8.138642126306903923e-02
2.225086699757651331e+03 2.450186945973219110e+01 8.144629024437095854e-02
2.233591985449967524e+03 2.451302544191375787e+01 8.150496427011399980e-02
2.242108998207047080e+03 2.452415986135855874e+01 8.156244343225349525e-02
2.250637704197843050e+03 2.453527276540043545e+01 8.161872788661721223e-02
2.259178069544866958e+03 2.454636419993300578e+01 8.167381785320608489e-02
2.267730060324313854e+03 2.455743420940568100e+01 8.172771361649194821e-02
2.276293642566200106e+03 2.456848283681956957e+01 8.178041552571201078e-02
2.284868782254500275e+03 2.457951012372326360e+01 8.183192399516026061e-02
2.293455445327281268e+03 2.459051611020852590e+01 8.188223950447547084e-02
2.302053597676836489e+03 2.460150083490587747e+01 8.193136259892605522e-02
2.310663205149820442e+03 2.461246433498007136e+01 8.197929388969125986e-02
2.319284233547387885e+03 2.462340664612545993e+01 8.202603405413898263e-02
2.327916648625326616e+03 2.463432780256129462e+01 8.207158383610008157e-02
2.336560416094194807e+03 2.464522783702686226e+01 8.211594404613890841e-02
2.345215501619457882e+03 2.465610678077659657e+01 8.215911556182012299e-02
2.353881870821622215e+03 2.466696466357503681e+01 8.220109932797176056e-02
2.362559489276375643e+03 2.467780151369174391e+01 8.224189635694446887e-02
2.371248322514719803e+03 2.468861735789606371e+01 8.228150772886642927e-02
2.379948336023110642e+03 2.469941222145186543e+01 8.231993459189478057e-02
2.388659495243594847e+03 2.471018612811215220e+01 8.235717816246236611e-02
2.397381765573943539e+03 2.472093910011360762e+01 8.239323972552062281e-02
2.406115112367795973e+03 2.473167115817104289e+01 8.242812063477791829e-02
2.414859500934791413e+03 2.474238232147177996e+01 8.246182231293384957e-02
2.423614896540709651e+03 2.475307260766996365e+01 8.249434625190839310e-02
2.432381264407611070e+03 2.476374203288078846e+01 8.252569401306732166e-02
2.441158569713969428e+03 2.477439061167464729e+01 8.255586722744251427e-02
2.449946777594813739e+03 2.478501835707124457e+01 8.258486759594727000e-02
2.458745853141865609e+03 2.479562528053362769e+01 8.261269688958745860e-02
2.467555761403681117e+03 2.480621139196214031e+01 8.263935694966714762e-02
2.476376467385783599e+03 2.481677669968836852e+01 8.266484968798953892e-02
2.485207936050807803e+03 2.482732121046897689e+01 8.268917708705274261e-02
2.494050132318637225e+03 2.483784492947953737e+01 8.271234120024024972e-02
2.502903021066542351e+03 2.484834786030829434e+01 8.273434415200615899e-02
2.511766567129322539e+03 2.485883000494991180e+01 8.275518813805521345e-02
2.520640735299444259e+03 2.486929136379913174e+01 8.277487542551695276e-02
2.529525490327179796e+03 2.487973193564447172e+01 8.279340835311468916e-02
2.538420796920750945e+03 2.489015171766183698e+01 8.281078933132848818e-02
2.547326619746464075e+03 2.490055070540811144e+01 8.282702084255280650e-02
2.556242923428856557e+03 2.491092889281479472e+01 8.284210544124767650e-02
2.565169672550830455e+03 2.492128627218152559e+01 8.285604575408443695e-02
2.574106831653799418e+03 2.493162283416967284e+01 8.286884448008510762e-02
2.583054365237826005e+03 2.494193856779589069e+01 8.288050439075582421e-02
2.592012237761763117e+03 2.495223346042565993e+01 8.289102833021380623e-02
2.600980413643395877e+03 2.496250749776687883e+01 8.290041921530803826e-02
2.609958857259582601e+03 2.497276066386339366e+01 8.290868003573370615e-02
2.618947532946397132e+03 2.498299294108864288e+01 8.291581385413961114e-02
2.627946404999268907e+03 2.499320431013918409e+01 8.292182380622939442e-02
2.636955437673126198e+03 2.500339475002840928e+01 8.292671310085579506e-02
2.645974595182536177e+03 2.501356423808013218e+01 8.293048502010809397e-02
2.655003841701851343e+03 2.502371274992234262e+01 8.293314291939248017e-02
2.664043141365345491e+03 2.503384025948090041e+01 8.293469022750560304e-02
2.673092458267361053e+03 2.504394673897335011e+01 8.293513044670078327e-02
2.682151756462451431e+03 2.505403215890274637e+01 8.293446715274703507e-02
2.691220999965521059e+03 2.506409648805155044e+01 8.293270399498078871e-02
2.700300152751970927e+03 2.507413969347558691e+01 8.292984469634995248e-02
2.709389178757839090e+03 2.508416174049808589e+01 8.292589305345070272e-02
2.718488041879946650e+03 2.509416259270377125e+01 8.292085293655654388e-02
2.727596705976040994e+03 2.510414221193304840e+01 8.291472828963938890e-02
2.736715134864936317e+03 2.511410055827628796e+01 8.290752313038318722e-02
2.745843292326660048e+03 2.512403759006820536e+01 8.289924155018926766e-02
2.754981142102596095e+03 2.513395326388227602e+01 8.288988771417390988e-02
2.764128647895629911e+03 2.514384753452537780e+01 8.287946586115753356e-02
2.773285773370289007e+03 2.515372035503240156e+01 8.286798030364586620e-02
2.782452482152893936e+03 2.516357167666110328e+01 8.285543542780279824e-02
2.791628737831694252e+03 2.517340144888700948e+01 8.284183569341456443e-02
2.800814503957019497e+03 2.518320961939845404e+01 8.282718563384577903e-02
2.810009744041423801e+03 2.519299613409178917e+01 8.281148985598658918e-02
2.819214421559825041e+03 2.520276093706670650e+01 8.279475304019133508e-02
2.828428499949658999e+03 2.521250397062170734e+01 8.277697994020835615e-02
2.837651942611015329e+03 2.522222517524973284e+01 8.275817538310102639e-02
2.846884712906789900e+03 2.523192448963396117e+01 8.273834426915953333e-02
2.856126774162825313e+03 2.524160185064374673e+01 8.271749157180431633e-02
2.865378089668060511e+03 2.525125719333075480e+01 8.269562233747954072e-02
2.874638622674675844e+03 2.526089045092528096e+01 8.267274168553810643e-02
2.883908336398234496e+03 2.527050155483268412e+01 8.264885480811696994e-02
2.893187194017836646e+03 2.528009043463011807e+01 8.262396697000334855e-02
2.902475158676258161e+03 2.528965701806335886e+01 8.259808350849147385e-02
2.911772193480102487e+03 2.529920123104389873e+01 8.257120983322967234e-02
2.921078261499941618e+03 2.530872299764618916e+01 8.254335142605830067e-02
2.930393325770470710e+03 2.531822224010516109e+01 8.251451384083763330e-02
2.939717349290645870e+03 2.532769887881389081e+01 8.248470270326645204e-02
2.949050295023837862e+03 2.533715283232154292e+01 8.245392371069053261e-02
2.958392125897977166e+03 2.534658401733151933e+01 8.242218263190163874e-02
2.967742804805699507e+03 2.535599234869982865e+01 8.238948530692656591e-02
2.977102294604494546e+03 2.536537773943371121e+01 8.235583764680629026e-02
2.986470558116856409e+03 2.537474010069049157e+01 8.232124563336500056e-02
2.995847558130424659e+03 2.538407934177671876e+01 8.228571531896940183e-02
3.005233257398138903e+03 2.539339537014747705e+01 8.224925282627797152e-02
3.014627618638382046e+03 2.540268809140603778e+01 8.221186434797971010e-02
3.024030604535130806e+03 2.541195740930371727e+01 8.217355614652344098e-02
3.033442177738103965e+03 2.542120322574004021e+01 8.213433455383646609e-02
3.042862300862907887e+03 2.543042544076311628e+01 8.209420597103313233e-02
3.052290936491190678e+03 2.543962395257038267e+01 8.205317686811348932e-02
3.061728047170784066e+03 2.544879865750948156e+01 8.201125378365142771e-02
3.071173595415857108e+03 2.545794945007959598e+01 8.196844332447268677e-02
3.080627543707061704e+03 2.546707622293291351e+01 8.192475216532262017e-02
3.090089854491686310e+03 2.547617886687647726e+01 8.188018704852381702e-02
3.099560490183799175e+03 2.548525727087428550e+01 8.183475478362341182e-02
3.109039413164401594e+03 2.549431132204968264e+01 8.178846224703001377e-02
3.118526585781577523e+03 2.550334090568810197e+01 8.174131638164058855e-02
3.128021970350639094e+03 2.551234590523999657e+01 8.169332419645723709e-02
3.137525529154283504e+03 2.552132620232424287e+01 8.164449276619341334e-02
3.147037224442733987e+03 2.553028167673167204e+01 8.159482923087024719e-02
3.156557018433896701e+03 2.553921220642902057e+01 8.154434079540268110e-02
3.166084873313507615e+03 2.554811766756318647e+01 8.149303472917535096e-02
3.175620751235283933e+03 2.555699793446572343e+01 8.144091836560873876e-02
3.185164614321073259e+03 2.556585287965775066e+01 8.138799910171487517e-02
3.194716424661006386e+03 2.557468237385509369e+01 8.133428439764336937e-02
3.204276144313643272e+03 2.558348628597379104e+01 8.127978177621755784e-02
3.213843735306129929e+03 2.559226448313592428e+01 8.122449882246052244e-02
3.223419159634344851e+03 2.560101683067570377e+01 8.116844318311171314e-02
3.233002379263049079e+03 2.560974319214597017e+01 8.111162256613352328e-02
3.242593356126043545e+03 2.561844342932494101e+01 8.105404474020866390e-02
3.252192052126312319e+03 2.562711740222332679e+01 8.099571753422758758e-02
3.261798429136179038e+03 2.563576496909171709e+01 8.093664883676683630e-02
3.271412448997457886e+03 2.564438598642838230e+01 8.087684659555795241e-02
3.281034073521604114e+03 2.565298030898728499e+01 8.081631881694706365e-02
3.290663264489864105e+03 2.566154778978650342e+01 8.075507356534586401e-02
3.300299983653431354e+03 2.567008828011692501e+01 8.069311896267288009e-02
3.309944192733594718e+03 2.567860162955129866e+01 8.063046318778678556e-02
3.319595853421892571e+03 2.568708768595356773e+01 8.056711447591029251e-02
3.329254927380264235e+03 2.569554629548860092e+01 8.050308111804611866e-02
3.338921376241200505e+03 2.570397730263211500e+01 8.043837146038418373e-02
3.348595161607899627e+03 2.571238055018106294e+01 8.037299390370089558e-02
3.358276245054418723e+03 2.572075587926422813e+01 8.030695690275010956e-02
3.367964588125822502e+03 2.572910312935320576e+01 8.024026896564667721e-02
3.377660152338342868e+03 2.573742213827364722e+01 8.017293865324193192e-02
3.387362899179524902e+03 2.574571274221687389e+01 8.010497457849199976e-02
3.397072790108385561e+03 2.575397477575173966e+01 8.003638540581874128e-02
3.406789786555562841e+03 2.576220807183687000e+01 7.996717985046385146e-02
3.416513849923470843e+03 2.577041246183315337e+01 7.989736667783581270e-02
3.426244941586452114e+03 2.577858777551658065e+01 7.982695470285076922e-02
3.435983022890933171e+03 2.578673384109136890e+01 7.975595278926667087e-02
3.445728055155574111e+03 2.579485048520337287e+01 7.968436984901157427e-02
3.455479999671426413e+03 2.580293753295384818e+01 7.961221484150614314e-02
3.465238817702084816e+03 2.581099480791345258e+01 7.953949677298050025e-02
3.475004470483840123e+03 2.581902213213657404e+01 7.946622469578597248e-02
3.484776919225834718e+03 2.582701932617597507e+01 7.939240770770182587e-02
3.494556125110217181e+03 2.583498620909764654e+01 7.931805495123719907e-02
3.504342049292295087e+03 2.584292259849605244e+01 7.924317561292903989e-02
3.514134652900688707e+03 2.585082831050959840e+01 7.916777892263568428e-02
3.523933897037488350e+03 2.585870315983637369e+01 7.909187415282685485e-02
3.533739742778404889e+03 2.586654695975021667e+01 7.901547061787041193e-02
3.543552151172929371e+03 2.587435952211702528e+01 7.893857767331578790e-02
3.553371083244481270e+03 2.588214065741136594e+01 7.886120471517528430e-02
3.563196499990569919e+03 2.588989017473330989e+01 7.878336117920251014e-02
3.573028362382944579e+03 2.589760788182561058e+01 7.870505654016932140e-02
3.582866631367752689e+03 2.590529358509108704e+01 7.862630031114113682e-02
3.592711267865692207e+03 2.591294708961027382e+01 7.854710204275117125e-02
3.602562232772168954e+03 2.592056819915936217e+01 7.846747132247378076e-02
3.612419486957450772e+03 2.592815671622840767e+01 7.838741777389786336e-02
3.622282991266824411e+03 2.593571244203973336e+01 7.830695105600017636e-02
3.632152706520748779e+03 2.594323517656665601e+01 7.822608086241922276e-02
3.642028593515013199e+03 2.595072471855241503e+01 7.814481692073053931e-02
3.651910613020890196e+03 2.595818086552935711e+01 7.806316899172284496e-02
3.661798725785294664e+03 2.596560341383840509e+01 7.798114686867695100e-02
3.671692892530936206e+03 2.597299215864871158e+01 7.789876037664650310e-02
3.681593073956478293e+03 2.598034689397760388e+01 7.781601937174210948e-02
3.691499230736692880e+03 2.598766741271073144e+01 7.773293374041850834e-02
3.701411323522615930e+03 2.599495350662246551e+01 7.764951339876648151e-02
3.711329312941705666e+03 2.600220496639654755e+01 7.756576829180818200e-02
3.721253159597997183e+03 2.600942158164693652e+01 7.748170839279851230e-02
3.731182824072259336e+03 2.601660314093891557e+01 7.739734370253165130e-02
3.741118266922152543e+03 2.602374943181041189e+01 7.731268424865368749e-02
3.751059448682384300e+03 2.603086024079356520e+01 7.722774008498207998e-02
3.761006329864866075e+03 2.603793535343646681e+01 7.714252129083258580e-02
3.770958870958868374e+03 2.604497455432520781e+01 7.705703797035369507e-02
3.780917032431183543e+03 2.605197762710606213e+01 7.697130025187007285e-02
3.790880774726274012e+03 2.605894435450797175e+01 7.688531828723442485e-02
3.800850058266439646e+03 2.606587451836514191e+01 7.679910225118989631e-02
3.810824843451964171e+03 2.607276789964001296e+01 7.671266234074221313e-02
3.820805090661281611e+03 2.607962427844629261e+01 7.662600877454306403e-02
3.830790760251128177e+03 2.608644343407227240e+01 7.653915179228502896e-02
3.840781812556701880e+03 2.609322514500439993e+01 7.645210165410913639e-02
3.850778207891818965e+03 2.609996918895099682e+01 7.636486864002499375e-02
3.860779906549073985e+03 2.610667534286618618e+01 7.627746304934469868e-02
3.870786868799993954e+03 2.611334338297413282e+01 7.618989520013144667e-02
3.880799054895199333e+03 2.611997308479335800e+01 7.610217542866280771e-02
3.890816425064558643e+03 2.612656422316135973e+01 7.601431408890985120e-02
3.900838939517351264e+03 2.613311657225944273e+01 7.592632155203288269e-02
3.910866558442419773e+03 2.613962990563768329e+01 7.583820820589441680e-02
3.920899242008333204e+03 2.614610399624018555e+01 7.574998445458995533e-02
3.930936950363541200e+03 2.615253861643052247e+01 7.566166071799791670e-02
3.940979643636534547e+03 2.615893353801736154e+01 7.557324743134805067e-02
3.951027281936003874e+03 2.616528853228032858e+01 7.548475504481147458e-02
3.961079825350996543e+03 2.617160336999607395e+01 7.539619402311059648e-02
3.971137233951076269e+03 2.617787782146455910e+01 7.530757484515133993e-02
3.981199467786480000e+03 2.618411165653549943e+01 7.521890800367782293e-02
3.991266486888281634e+03 2.619030464463510199e+01 7.513020400495058759e-02
4.001338251268542990e+03 2.619645655479293467e+01 7.504147336844871341e-02
4.011414720920480249e+03 2.620256715566905825e+01 7.495272662659736851e-02
4.021495855818615837e+03 2.620863621558133971e+01 7.486397432452089606e-02
4.031581615918944408e+03 2.621466350253296795e+01 7.477522701982250442e-02
4.041671961159086550e+03 2.622064878424021117e+01 7.468649528239186541e-02
4.051766851458451129e+03 2.622659182816035184e+01 7.459778969424067652e-02
4.061866246718392631e+03 2.623249240151985262e+01 7.450912084936751889e-02
4.071970106822370326e+03 2.623835027134271058e+01 7.442049935365305235e-02
4.082078391636109700e+03 2.624416520447903167e+01 7.433193582478585248e-02
4.092191061007758890e+03 2.624993696763385742e+01 7.424344089222016663e-02
4.102308074768051483e+03 2.625566532739608050e+01 7.415502519716651864e-02
4.112429392730465224e+03 2.626135005026771552e+01 7.406669939261568969e-02
4.122554974691376628e+03 2.626699090269327641e+01 7.397847414339751848e-02
4.132684780430227875e+03 2.627258765108940963e+01 7.389036012627475669e-02
4.142818769709685512e+03 2.627814006187471918e+01 7.380236803007357571e-02
4.152956902275795073e+03 2.628364790149980479e+01 7.371450855585141848e-02
4.163099137858144786e+03 2.628911093647750263e+01 7.362679241710268219e-02
4.173245436170025641e+03 2.629452893341335695e+01 7.353923034000409142e-02
4.183395756908590556e+03 2.629990165903624799e+01 7.345183306369981735e-02
4.193550059755014445e+03 2.630522888022929351e+01 7.336461134062802203e-02
4.203708304374656109e+03 2.631051036406092081e+01 7.327757593688949411e-02
4.213870450417214670e+03 2.631574587781611640e+01 7.319073763265929178e-02
4.224036457516892369e+03 2.632093518902796703e+01 7.310410722264286398e-02
4.234206285292557368e+03 2.632607806550931429e+01 7.301769551657724677e-02
4.244379893347899269e+03 2.633117427538466870e+01 7.293151333977856976e-02
4.254557241271590101e+03 2.633622358712231559e+01 7.284557153373727445e-02
4.264738288637450751e+03 2.634122576956663764e+01 7.275988095676164114e-02
4.274922995004603763e+03 2.634618059197060091e+01 7.267445248467124808e-02
4.285111319917638866e+03 2.635108782402851801e+01 7.258929701154147318e-02
4.295303222906772135e+03 2.635594723590892130e+01 7.250442545050000964e-02
4.305498663488006969e+03 2.636075859828774526e+01 7.241984873457722738e-02
4.315697601163294166e+03 2.636552168238160831e+01 7.233557781761115746e-02
4.325899995420694722e+03 2.637023625998139309e+01 7.225162367520895912e-02
4.336105805734538990e+03 2.637490210348595454e+01 7.216799730576618777e-02
4.346314991565587661e+03 2.637951898593607680e+01 7.208470973154526562e-02
4.356527512361193658e+03 2.638408668104862542e+01 7.200177199981525056e-02
4.366743327555463111e+03 2.638860496325088434e+01 7.191919518405411049e-02
4.376962396569414523e+03 2.639307360771515221e+01 7.183699038521569602e-02
4.387184678811145204e+03 2.639749239039345241e+01 7.175516873306334031e-02
4.397410133675985890e+03 2.640186108805256282e+01 7.167374138757205693e-02
4.407638720546665354e+03 2.640617947830915213e+01 7.159271954040198616e-02
4.417870398793473214e+03 2.641044733966518621e+01 7.151211441644483857e-02
4.428105127774418179e+03 2.641466445154356890e+01 7.143193727544673577e-02
4.438342866835391760e+03 2.641883059432388237e+01 7.135219941370991859e-02
4.448583575310327433e+03 2.642294554937848616e+01 7.127291216587644529e-02
4.458827212521366164e+03 2.642700909910874429e+01 7.119408690679718266e-02
4.469073737779013754e+03 2.643102102698149380e+01 7.111573505349033653e-02
4.479323110382302730e+03 2.643498111756575497e+01 7.103786806719260272e-02
4.489575289618958777e+03 2.643888915656965466e+01 7.096049745550855881e-02
4.499830234765557179e+03 2.644274493087757705e+01 7.088363477466251561e-02
4.510087905087688341e+03 2.644654822858757370e+01 7.080729163185775499e-02
4.520348259840113315e+03 2.645029883904900458e+01 7.073147968775074512e-02
4.530611258266935693e+03 2.645399655290040286e+01 7.065621065904538478e-02
4.540876859601755314e+03 2.645764116210764882e+01 7.058149632121531181e-02
4.551145023067831971e+03 2.646123246000233920e+01 7.050734851136296333e-02
4.561415707878249123e+03 2.646477024132049394e+01 7.043377913122367273e-02
4.571688873236075779e+03 2.646825430224146203e+01 7.036080015032579460e-02
4.581964478334527485e+03 2.647168444042714697e+01 7.028842360931786271e-02
4.592242482357127301e+03 2.647506045506158756e+01 7.021666162347620088e-02
4.602522844477870422e+03 2.647838214689067726e+01 7.014552638640729476e-02
4.612805523861386064e+03 2.648164931826238089e+01 7.007503017396098099e-02
4.623090479663098449e+03 2.648486177316714674e+01 7.000518534837363305e-02
4.633377671029387784e+03 2.648801931727868819e+01 6.993600436266184106e-02
4.643667057097755787e+03 2.649112175799511704e+01 6.986749976529077477e-02
4.653958596996986671e+03 2.649416890448045692e+01 6.979968420514399974e-02
4.664252249847308121e+03 2.649716056770644457e+01 6.973257043682594414e-02
4.674547974760556826e+03 2.650009656049482132e+01 6.966617132633295961e-02
4.684845730840335818e+03 2.650297669755995145e+01 6.960049985713244458e-02
4.695145477182182731e+03 2.650580079555190238e+01 6.953556913669851902e-02
4.705447172873728050e+03 2.650856867309988729e+01 6.947139240355763856e-02
4.715750776994859734e+03 2.651128015085627965e+01 6.940798303490754162e-02
4.726056248617885103e+03 2.651393505154093333e+01 6.934535455488266553e-02
4.736363546807692728e+03 2.651653319998615288e+01 6.928352064355286499e-02
4.746672630621917051e+03 2.651907442318204389e+01 6.922249514675589410e-02
4.756983459111098455e+03 2.652155855032247445e+01 6.916229208688397245e-02
4.767295991318846973e+03 2.652398541285154110e+01 6.910292567476647441e-02
4.777610186282006907e+03 2.652635484451062808e+01 6.904441032281920243e-02
4.787926003030816901e+03 2.652866668138605277e+01 6.898676065966569126e-02
4.798243400589073644e+03 2.653092076195732929e+01 6.892999154647833082e-02
4.808562337974292859e+03 2.653311692714611780e+01 6.887411809534431384e-02
4.818882774197875733e+03 2.653525502036578487e+01 6.881915569002944322e-02
4.829204668265270811e+03 2.653733488757171699e+01 6.876512000960502413e-02
4.839527979176133158e+03 2.653935637731235886e+01 6.871202705552090229e-02
4.849852665924491703e+03 2.654131934078099064e+01 6.865989318286239151e-02
4.860178687498910222e+03 2.654322363186828682e+01 6.860873513673727830e-02
4.870506002882648318e+03 2.654506910721574542e+01 6.855857009501689636e-02
4.880834571053829677e+03 2.654685562626989892e+01 6.850941571903791660e-02
4.891164350985598503e+03 2.654858305133739904e+01 6.846129021439960327e-02
4.901495301646287771e+03 2.655025124764104660e+01 6.841421240473316567e-02
4.911827381999579302e+03 2.655186008337664205e+01 6.836820182237969556e-02
4.922160551004668378e+03 2.655340942977072771e+01 6.832327882144823006e-02
4.932494767616424724e+03 2.655489916113926796e+01 6.827946472098982145e-02
4.942829990785557129e+03 2.655632915494701862e+01 6.823678198942381701e-02
4.953166179458778061e+03 2.655769929186764600e+01 6.819525448655747168e-02
4.963503292578961009e+03 2.655900945584434325e+01 6.815490778766972180e-02
4.973841289085310564e+03 2.656025953415052498e+01 6.811576962710982897e-02
4.984180127913521574e+03 2.656144941745023758e+01 6.807787052005796757e-02
4.994519767995942857e+03 2.656257899985727278e+01 6.804124465656123666e-02
5.004860168261740000e+03 2.656364817899165232e+01 6.800593122275248870e-02
5.015201287637059977e+03 2.656465685603119908e+01 6.797197641078245312e-02
5.025543085045193948e+03 2.656560493575456405e+01 6.793943656855973290e-02
5.035885519406736421e+03 2.656649232656969062e+01 6.790838327006032404e-02
5.046228549639755329e+03 2.656731894051927867e+01 6.787891155494717166e-02
5.056572134659951189e+03 2.656808469325820354e+01 6.785115227515521596e-02
5.066916233380818994e+03 2.656878950405273088e+01 6.782528096375135818e-02
5.077260804713815560e+03 2.656943329605490689e+01 6.780148716587718061e-02
5.087605807568517776e+03 2.657001599719340490e+01 6.777989129119285638e-02
5.097951200852790862e+03 2.657053754131472445e+01 6.776053352837212163e-02
5.108296943472947532e+03 2.657099786886336901e+01 6.774342579407525988e-02
5.118642994333914430e+03 2.657139692709220569e+01 6.772857590323910770e-02
5.128989312339393109e+03 2.657173467012400536e+01 6.771599128134322965e-02
5.139335856392022833e+03 2.657201105899197557e+01 6.770567920133020723e-02
5.149682585393545196e+03 2.657222606167693613e+01 6.769764678708994898e-02
5.160029458244970556e+03 2.657237965314202199e+01 6.769190100933028531e-02
5.170376433846732652e+03 2.657247181536497038e+01 6.768844868132962989e-02
5.180723471098861410e+03 2.657250253736783918e+01 6.768729645469177825e-02
